627
138
645
109
314
836
176
540
606
225
263
498
913
845
136
522
105
893
104
388
785
947
42
820
23
174
446
343
574
382
582
201
872
228
662
539
64
190
79
22
416
695
872
681
892
8
555
349
253
659
737
38
606
132
858
981
306
657
676
880
391
259
433
615
487
95
154
903
638
234
277
406
281
149
87
173
157
994
874
410
5
611
801
963
95
11
945
402
20
973
634
411
232
68
27
71
515
181
326
153
767
603
911
48
752
350
573
261
344
447
24
349
411
825
313
506
188
610
260
209
583
895
620
168
315
999
239
830
181
918
336
948
521
247
349
626
598
922
887
294
722
911
644
133
88
309
991
277
919
252
486
854
499
106
22
814
458
614
996
639
532
332
939
53
932
288
679
882
563
919
176
637
830
172
122
919
833
113
196
104
717
34
959
216
492
333
30
950
947
27
589
479
711
881
885
995
169
916
229
84
835
758
721
18
282
843
289
116
309
485
220
26
519
531
243
363
865
625
314
812
4
903
644
68
136
881
415
306
797
645
742
985
403
816
3
685
659
292
153
320
129
374
347
0
257
942
363
122
567
29
287
572
285
931
992
421
164
407
727
961
52
822
298
807
638
653
845
649
297
998
970
426
724
669
778
982
611
494
456
178
523
743
102
808
26
94
230
190
502
309
504
554
131
802
714
121
456
559
771
105
557
93
532
634
762
662
616
373
156
72
903
680
168
6
840
194
100
70
737
602
732
241
509
863
395
223
337
203
134
460
309
691
553
193
325
667
855
293
392
364
718
295
44
886
301
236
432
754
307
169
708
39
762
217
254
510
792
943
713
278
403
374
322
308
567
647
975
775
293
367
139
11
663
535
249
316
771
681
70
78
203
779
469
965
348
76
475
493
19
541
771
423
915
93
83
835
93
59
610
738
778
101
749
793
636
350
462
407
31
532
838
234
663
659
552
12
735
379
857
755
920
980
530
188
426
613
23
519
24
985
609
155
86
710
300
722
60
762
481
91
295
319
678
310
979
230
674
66
609
531
173
882
864
703
70
290
669
93
161
45
430
770
200
516
480
501
590
540
615
71
983
262
391
661
573
722
891
247
788
853
131
962
735
995
17
805
637
38
250
798
84
680
568
636
548
400
489
138
292
105
209
275
367
600
937
292
674
180
540
463
33
23
777
120
370
794
277
7
833
879
805
269
559
725
257
459
477
747
597
769
204
807
44
923
759
981
216
434
514
108
249
899
131
26
20
501
172
649
860
357
529
665
626
440
742
884
900
219
983
497
988
187
656
32
110
416
366
678
202
232
786
803
131
269
181
503
122
353
153
982
63
682
999
41
122
93
277
374
312
260
872
652
799
528
37
262
296
755
940
498
987
79
301
118
700
482
622
823
188
127
157
251
161
509
292
635
602
570
10
267
182
882
919
982
762
308
596
59
63
536
909
50
967
563
521
668
397
495
491
585
622
0
188
783
509
833
770
464
403
780
731
937
14
2
271
777
311
867
188
726
404
449
129
371
12
650
391
410
497
234
347
471
235
536
606
96
369
376
560
124
157
643
61
171
646
333
300
309
200
840
35
956
290
164
680
302
166
71
64
663
658
412
134
893
948
740
341
669
469
902
793
626
545
206
149
543
891
450
852
444
642
888
400
932
404
432
587
923
856
651
938
514
63
73
759
363
165
100
32
986
2
177
612
900
384
762
443
275
564
296
719
206
536
472
491
292
256
78
215
112
729
154
626
145
579
385
860
96
838
893
83
840
422
695
92
806
809
536
434
725
184
505
284
72
329
775
364
586
205
580
698
286
734
677
431
665
414
292
761
252
537
844
93
959
892
537
118
701
425
904
779
609
761
63
681
91
190
398
677
747
978
727
33
64
404
817
729
171
461
490
423
998
687
516
309
579
406
427
632
831
683
411
793
445
826
474
536
368
224
565
115
202
644
149
618
401
966
347
572
427
190
995
777
877
864
86
808
270
866
440
453
549
204
246
346
30
73
882
399
297
799
866
852
796
367
470
197
333
170
121
112
712
116
241
941
332
680
749
602
898
189
408
447
745
654
146
776
727
28
527
25
180
393
877
976
761
699
525
446
869
646
911
933
762
504
874
447
184
623
49
82
165
457
882
910
464
28
38
191
408
565
568
940
311
797
916
424
497
793
870
718
439
133
652
554
638
526
1
822
502
402
257
667
212
491
929
676
519
968
867
279
885
788
220
196
585
488
620
82
282
843
801
721
976
453
627
966
979
628
141
481
383
398
500
595
889
782
271
760
750
490
39
987
278
611
184
864
100
156
298
734
351
99
807
328
904
435
646
236
415
787
717
798
537
570
393
426
352
16
538
454
507
930
441
137
541
977
1
993
134
300
727
485
751
535
165
656
970
812
892
385
951
961
536
489
883
929
267
587
946
806
41
805
88
483
942
981
812
296
975
298
596
702
136
699
589
301
707
559
465
951
297
769
913
833
258
148
114
877
736
60
683
129
217
123
612
160
105
777
456
80
75
404
134
211
103
76
865
811
635
682
762
284
451
27
469
61
528
584
939
264
996
974
393
214
98
358
726
555
487
182
987
562
586
473
126
41
549
991
204
537
673
319
821
477
698
643
538
226
579
829
842
927
804
236
493
254
946
219
809
433
401
796
347
339
269
473
381
171
464
937
708
490
256
529
319
955
524
209
181
103
39
24
383
195
612
876
449
910
96
610
343
849
406
690
541
27
516
274
198
980
211
906
822
468
788
141
775
664
351
308
120
742
332
503
937
296
731
738
206
179
348
901
29
106
944
922
133
460
196
684
440
759
942
615
579
82
108
354
99
811
663
219
553
347
722
842
644
805
580
202
985
928
104
366
34
48
288
520
860
836
556
652
947
850
267
527
933
376
233
32
187
896
603
93
596
677
935
592
482
516
794
467
796
250
833
183
650
473
703
510
661
611
163
609
461
782
136
394
510
369
778
50
618
381
143
214
58
430
806
541
298
952
360
95
203
546
278
205
19
333
716
681
944
231
290
757
365
778
504
876
147
282
926
765
16
421
331
74
851
137
967
502
442
680
597
645
226
227
202
597
912
918
278
208
501
920
965
867
698
469
95
846
104
373
963
120
794
295
546
997
784
866
499
226
546
448
223
124
27
426
721
291
696
0
499
198
272
817
417
971
286
864
169
742
237
132
862
383
779
761
732
564
627
232
142
525
32
366
649
412
792
370
703
488
722
203
38
347
20
455
318
658
671
487
401
908
971
615
643
751
376
376
667
355
960
809
232
344
175
233
756
319
604
460
808
678
663
198
25
35
6
695
45
677
534
446
586
858
414
229
961
142
957
628
850
917
789
82
262
317
316
18
636
272
478
796
302
493
995
680
528
1
375
574
678
262
372
616
120
138
198
81
281
155
709
483
425
850
565
39
167
233
409
804
505
240
952
160
733
299
840
614
652
567
540
331
829
264
299
949
403
849
30
36
357
91
519
134
942
436
173
109
670
934
265
527
174
218
39
260
869
879
874
522
447
766
853
628
30
504
578
785
354
608
821
63
52
692
197
994
129
370
455
151
304
721
678
831
291
718
91
160
949
317
682
748
83
887
377
465
392
955
251
98
915
72
161
967
765
710
313
246
80
769
397
736
490
427
919
133
497
10
293
447
679
976
195
762
215
924
580
607
879
831
57
147
255
570
466
372
280
780
618
712
549
367
801
391
795
720
524
292
83
169
91
762
145
287
877
361
211
457
320
443
640
730
942
895
652
408
268
285
540
238
997
441
606
150
184
401
223
708
45
658
878
137
420
375
776
649
88
339
458
409
782
98
491
76
994
143
837
614
428
377
852
778
819
810
280
355
563
503
64
609
161
294
746
934
21
522
935
110
213
394
871
996
492
362
424
838
505
261
804
286
639
9
64
810
819
344
165
735
200
581
344
713
227
442
999
249
316
935
711
529
681
582
877
173
944
302
364
801
563
520
87
554
529
503
716
701
200
234
436
400
167
132
113
395
574
113
996
890
400
707
419
81
289
649
606
585
951
322
386
514
843
826
421
724
329
137
425
529
723
213
281
891
345
747
286
271
212
634
161
612
341
933
693
982
582
651
567
885
974
305
751
817
131
172
893
461
662
671
342
385
884
624
276
582
371
914
853
583
900
367
547
241
652
240
575
586
243
142
471
217
448
222
386
931
747
280
744
409
951
87
146
835
63
775
769
786
41
623
721
942
342
268
535
994
860
111
580
103
605
403
321
405
625
707
337
724
987
81
133
290
520
632
126
583
407
247
369
800
870
442
742
564
710
630
558
570
741
490
26
698
893
347
456
871
406
793
595
746
226
81
36
747
713
514
682
472
762
404
272
984
846
367
549
909
997
459
479
738
950
505
788
195
204
244
66
963
389
14
61
616
95
449
715
160
964
749
632
78
505
256
62
352
623
963
261
620
423
92
710
725
950
499
920
506
95
339
469
485
353
882
453
448
332
520
608
296
269
592
726
775
848
140
479
472
104
92
92
879
536
803
604
486
654
524
993
749
863
814
234
216
697
687
16
381
207
976
677
829
568
755
956
417
895
435
889
999
879
333
878
415
136
482
902
142
359
247
892
574
413
126
143
462
166
159
843
725
488
872
554
56
627
862
825
875
649
714
874
528
400
105
944
888
939
198
31
650
797
923
225
562
401
720
377
919
879
572
645
719
445
551
776
424
414
601
651
63
668
526
592
68
983
888
308
922
438
339
573
587
262
150
149
16
870
526
935
101
99
932
821
896
484
597
672
898
550
324
313
218
202
257
638
185
497
947
459
935
638
384
522
253
534
24
269
404
902
556
506
1
489
679
249
973
276
274
223
178
950
888
749
504
146
739
41
643
686
500
931
677
885
805
930
771
829
199
176
732
755
34
85
596
713
687
569
341
961
144
871
263
33
620
767
531
360
808
174
398
660
457
75
545
263
5
317
444
556
845
176
664
231
614
260
944
301
182
637
614
326
508
877
711
129
996
242
841
804
417
239
816
226
667
362
489
24
31
934
581
228
462
597
459
76
857
755
377
391
392
343
718
252
220
781
733
216
24
574
372
793
166
189
19
833
903
861
209
286
147
790
514
609
387
973
38
597
728
767
340
472
111
410
724
683
192
458
252
216
384
624
9
550
165
380
735
420
241
945
706
740
87
572
702
827
897
740
776
977
859
116
449
970
527
526
654
719
336
906
935
720
882
296
271
400
676
358
820
270
303
879
10
743
803
712
570
701
804
346
30
664
814
832
634
341
358
640
60
694
898
347
766
781
643
389
181
672
748
353
942
403
584
304
146
388
17
68
441
173
766
471
837
581
303
824
922
13
816
335
59
715
34
826
848
30
215
29
702
963
734
996
719
319
300
865
59
669
286
500
195
52
971
384
633
275
208
908
288
377
595
700
92
629
526
940
11
741
321
713
57
407
61
776
78
714
993
137
735
279
637
930
332
609
667
317
236
227
577
876
604
524
576
48
506
102
340
517
196
13
583
253
421
996
381
499
710
374
637
798
6
626
80
690
235
747
359
823
975
937
700
579
813
628
628
319
83
968
837
279
982
772
884
755
768
617
254
479
991
243
629
349
870
709
39
457
457
399
281
432
688
333
11
501
313
991
821
396
312
10
27
294
782
263
401
902
880
7
733
224
251
362
573
473
72
965
930
529
364
563
961
52
248
324
553
562
316
726
310
628
736
690
274
870
953
675
773
834
682
506
410
285
869
335
110
293
300
41
822
664
956
783
68
205
107
622
119
775
700
429
403
789
119
29
659
425
56
784
611
91
643
21
376
864
708
487
157
9
880
979
25
836
114
94
393
573
68
512
349
768
294
104
557
765
134
569
190
190
705
153
281
348
174
10
564
235
497
73
244
729
52
269
917
518
363
311
92
783
175
793
552
821
897
109
587
31
30
129
574
736
283
855
84
809
865
1
44
714
74
640
795
479
910
713
997
625
376
441
409
551
234
313
373
484
774
312
867
805
441
441
541
76
649
977
238
866
978
634
581
53
275
728
884
537
441
881
514
817
675
275
721
261
588
94
745
363
406
613
168
199
54
61
628
55
38
866
922
369
500
855
422
775
583
658
664
25
539
179
194
566
454
915
828
395
361
925
758
119
538
278
671
945
339
299
0
729
517
922
98
17
777
872
145
713
530
161
90
422
340
284
988
147
552
168
542
265
94
652
385
984
930
408
929
621
707
282
702
576
556
801
593
686
673
90
399
556
252
489
978
944
125
318
91
29
839
985
295
933
637
32
917
919
440
199
892
499
833
595
427
389
396
372
427
421
463
826
329
67
667
659
363
145
330
807
174
169
792
821
454
782
205
371
53
997
922
946
496
107
541
275
497
289
648
276
62
111
455
392
530
122
51
893
619
733
700
794
902
845
967
356
627
173
80
680
170
2
626
19
110
519
294
959
160
942
587
223
405
42
967
935
165
18
181
784
752
881
930
6
726
898
363
705
71
795
386
241
149
364
260
259
884
555
570
44
849
158
619
255
200
586
190
717
957
371
854
61
605
784
67
683
34
782
389
105
577
775
699
727
491
311
338
375
218
261
772
68
771
743
675
971
330
865
41
287
589
247
348
546
383
767
229
418
550
618
875
127
745
926
206
237
238
545
964
808
806
88
876
577
832
551
900
162
769
293
801
710
540
501
256
924
268
837
694
818
456
921
298
553
848
856
790
86
401
107
894
559
195
123
488
27
26
389
541
147
34
342
857
927
843
465
203
464
303
897
634
111
818
932
664
666
789
455
104
542
914
351
102
109
826
942
489
852
683
30
352
718
725
209
645
920
27
848
736
330
97
371
793
267
655
457
934
796
264
390
339
178
93
793
288
271
87
129
476
771
159
828
489
236
389
486
509
416
686
245
98
783
968
891
50
624
349
336
420
613
79
111
144
524
256
784
796
344
913
272
467
424
452
956
13
841
794
522
258
832
119
356
967
88
600
369
64
949
58
836
914
137
300
410
13
556
194
161
252
107
785
719
532
237
27
545
79
821
419
689
5
890
397
972
330
997
342
394
298
400
231
565
889
531
975
902
439
170
64
692
629
849
763
513
439
791
410
870
964
181
911
970
72
308
942
402
658
284
149
308
36
732
873
925
263
201
828
54
723
244
98
352
445
862
218
884
5
628
754
321
162
665
291
234
326
586
988
336
222
137
644
259
869
870
536
484
71
364
539
146
608
989
850
406
851
68
290
208
49
397
530
211
414
173
797
740
111
137
76
334
275
73
945
496
943
481
333
366
198
224
512
158
213
362
564
417
431
855
625
832
604
155
395
18
681
192
111
792
329
539
478
956
612
423
805
907
257
138
273
807
362
137
965
927
500
530
344
283
737
970
467
341
477
862
711
510
54
822
303
735
362
781
692
974
557
849
234
814
987
507
621
701
997
938
628
497
820
325
132
557
647
599
250
124
461
314
635
867
136
290
954
498
71
646
825
628
847
411
794
834
918
767
887
267
706
516
764
526
841
248
436
840
847
38
316
660
352
951
879
841
593
834
691
665
832
868
645
680
279
792
866
550
559
754
817
617
270
934
496
463
182
284
303
382
674
619
394
379
923
274
220
868
460
263
885
292
132
531
324
411
675
191
961
586
945
779
556
567
713
52
382
247
688
37
629
362
8
24
741
283
650
313
152
110
577
37
402
61
920
727
472
595
270
786
534
215
917
90
134
982
494
516
229
182
553
211
896
561
235
990
845
885
655
997
347
232
386
101
645
307
180
118
254
450
904
788
665
173
878
151
155
372
667
384
906
572
595
155
134
182
145
331
419
800
680
766
385
66
868
30
725
48
500
980
499
756
120
516
929
999
668
84
723
687
821
982
260
416
137
746
951
634
429
370
434
109
489
171
527
357
554
605
757
54
585
608
163
57
477
92
56
497
177
132
184
350
466
796
766
603
542
717
237
971
440
23
432
929
547
312
638
101
917
395
507
854
356
670
911
833
115
320
682
644
452
866
994
270
15
760
873
557
830
462
881
622
837
665
551
384
977
189
837
894
936
697
748
292
719
12
477
834
332
159
478
136
378
472
406
393
585
279
302
767
93
535
389
930
201
940
667
530
481
856
425
769
905
525
62
625
537
891
811
221
51
290
357
781
114
763
174
699
394
828
818
839
364
207
122
917
499
789
447
332
997
224
102
255
750
516
880
639
407
691
861
810
333
218
591
448
334
765
499
728
594
318
568
310
877
690
227
377
831
674
61
180
251
163
435
1
31
315
992
439
359
853
249
692
424
193
492
758
958
992
486
904
662
406
566
539
96
145
268
927
172
330
460
423
845
895
424
877
211
416
668
922
622
269
966
46
462
459
804
773
803
642
29
465
49
596
356
145
93
625
425
265
307
885
688
504
132
112
733
343
881
401
617
855
23
584
901
485
43
57
610
198
699
640
663
748
588
19
894
681
996
671
947
303
908
635
160
40
100
893
736
333
647
353
188
670
289
441
155
684
498
118
882
197
758
545
946
698
917
192
731
913
215
678
569
475
666
729
515
118
622
251
803
269
957
343
939
598
136
447
283
634
565
165
183
675
63
481
373
980
25
104
893
240
135
462
715
153
543
583
623
166
186
426
787
143
121
79
742
257
526
377
243
443
542
426
118
957
908
843
937
933
947
183
526
434
997
593
587
541
176
210
59
363
988
846
858
109
925
600
718
803
329
961
246
224
388
716
181
648
559
119
933
507
302
459
293
651
53
881
192
229
443
603
944
432
802
803
893
79
755
612
883
85
925
481
309
313
198
490
313
109
961
247
616
615
58
910
267
111
143
811
693
586
415
637
370
217
792
616
296
548
228
531
633
153
13
942
819
563
784
484
672
746
731
641
361
790
903
628
253
398
440
298
984
207
936
707
424
728
323
72
628
903
604
261
408
969
555
227
532
692
712
556
438
795
549
151
937
452
132
191
850
924
489
187
131
777
894
907
858
569
979
486
472
935
748
880
904
655
460
788
347
524
345
137
671
894
289
609
699
421
800
901
345
641
88
476
419
334
735
629
903
714
115
727
650
215
960
906
871
772
695
218
648
392
708
319
638
997
280
337
418
432
591
115
74
679
943
845
366
678
474
621
744
941
349
394
157
661
301
28
785
348
598
433
740
306
104
730
303
385
420
73
817
11
188
243
690
483
440
56
161
266
30
906
208
379
652
365
392
305
393
177
653
343
610
745
2
66
476
657
451
896
731
621
907
271
216
949
755
657
358
268
275
388
526
483
119
531
848
511
836
593
688
842
289
650
587
291
716
415
948
520
663
31
493
922
303
709
872
410
718
230
30
994
970
909
829
89
440
30
952
276
623
992
118
264
642
58
555
710
825
856
582
489
887
75
411
542
137
283
304
855
865
335
201
187
244
31
276
36
61
580
312
36
572
783
301
566
193
208
629
18
64
211
507
952
287
919
494
424
554
151
631
772
486
185
959
82
568
588
118
981
168
782
369
93
565
22
659
758
231
288
129
295
500
636
599
139
907
446
915
462
597
898
586
435
435
545
869
3
485
339
336
6
121
706
99
39
728
758
149
311
399
278
959
251
267
910
390
174
356
657
636
305
555
574
740
991
120
609
346
957
300
683
963
422
741
62
813
821
173
962
133
924
593
444
175
860
354
565
34
63
222
23
368
129
949
461
120
421
70
819
379
371
502
342
145
595
757
310
416
282
624
901
206
217
697
381
429
404
298
816
467
872
191
835
1
140
296
474
562
719
645
941
442
499
635
939
94
744
249
862
378
873
116
584
443
813
317
224
217
615
40
684
839
583
872
193
724
520
667
638
591
664
931
385
163
918
676
257
663
925
119
41
151
235
978
946
401
295
170
618
263
563
655
102
146
879
295
222
751
314
860
343
978
791
80
493
710
757
750
725
34
222
118
185
809
96
483
562
744
654
181
7
569
188
461
715
419
109
938
170
775
150
865
106
942
946
599
4
55
702
729
89
276
847
627
85
296
110
648
40
116
181
399
685
721
860
753
140
321
691
662
97
841
528
555
135
826
506
139
881
208
220
970
484
68
597
922
364
60
922
756
176
455
155
862
176
15
967
668
689
658
330
138
851
210
693
339
36
199
478
269
760
51
592
596
119
541
870
835
601
792
943
778
247
98
992
775
465
959
443
154
969
126
292
172
336
337
511
725
889
342
346
1
393
938
597
864
480
468
51
81
612
994
211
212
92
203
987
909
514
783
64
483
909
708
8
597
398
519
674
287
213
21
640
606
959
589
470
791
57
873
225
22
867
436
234
311
992
573
221
506
356
637
342
617
345
702
215
95
221
889
734
435
262
374
393
574
964
216
365
373
89
590
395
957
379
981
620
371
907
841
229
263
478
923
233
176
625
448
623
199
689
358
986
304
732
379
878
48
595
243
422
37
186
169
346
565
503
966
288
410
808
869
25
638
793
258
166
770
58
790
969
100
500
955
404
232
687
282
633
634
877
407
671
415
928
369
332
431
336
620
193
496
490
219
486
635
829
653
405
888
795
727
340
295
34
744
879
721
378
512
708
255
271
731
23
200
101
355
631
437
328
825
285
170
396
771
805
577
776
562
817
571
641
157
218
676
901
450
749
631
314
457
239
586
189
262
786
290
617
417
79
297
594
364
467
342
487
624
920
264
539
737
187
180
247
406
856
148
208
606
780
522
415
19
108
604
633
894
246
602
664
677
900
610
41
719
305
881
344
577
145
235
666
332
767
913
90
624
414
298
582
546
173
349
565
281
306
550
528
552
152
192
582
52
154
975
124
459
856
820
36
1
55
703
686
822
616
128
798
30
779
732
576
952
82
493
585
388
395
113
292
548
657
226
952
812
202
76
271
58
896
660
412
303
715
98
478
331
578
276
714
357
361
642
661
443
488
247
183
883
360
827
431
18
54
736
182
256
164
805
666
61
465
78
716
180
528
194
864
107
823
930
816
184
572
478
979
412
725
514
296
437
693
79
807
747
815
989
355
980
795
374
393
612
452
461
145
333
656
361
792
831
291
608
367
215
438
346
628
515
212
924
953
905
355
112
5
171
102
360
503
249
734
248
213
539
709
710
224
717
71
16
548
362
976
915
930
415
613
558
930
825
834
235
731
189
348
736
712
450
448
567
51
535
815
616
426
525
327
650
242
398
666
143
113
994
58
43
409
24
601
340
849
787
575
932
328
923
668
41
725
469
608
128
4
776
745
430
653
424
432
247
822
450
390
935
444
801
330
854
825
283
546
674
70
473
607
399
749
627
792
826
448
752
307
452
528
52
234
533
476
18
781
650
468
171
938
265
972
268
119
149
904
17
824
974
842
783
725
591
762
517
770
211
622
77
15
502
481
602
36
309
620
817
959
441
340
249
706
665
870
177
814
774
546
638
748
388
773
826
332
888
695
102
451
317
531
818
820
12
420
856
321
393
25
632
186
365
882
892
30
752
69
845
526
967
835
626
355
961
452
687
849
148
141
652
465
672
470
637
684
243
845
357
636
870
990
822
588
224
66
618
976
487
815
854
454
651
480
809
964
285
849
813
785
342
817
250
15
287
240
51
530
85
761
518
308
751
692
896
327
758
514
303
597
330
509
51
333
341
213
297
626
414
462
411
756
279
14
123
566
254
175
449
691
288
967
999
39
12
895
366
770
410
21
720
92
530
771
777
223
336
74
850
750
888
613
859
167
627
982
85
233
509
886
277
797
206
276
188
218
172
906
988
934
279
708
378
161
832
155
385
520
581
235
623
469
200
482
988
828
816
425
413
678
312
690
827
870
319
16
88
491
274
428
777
554
489
507
715
321
14
452
193
595
687
816
416
240
298
756
68
467
533
833
145
197
524
972
67
195
340
155
686
615
584
815
521
73
322
588
746
336
41
939
283
728
756
51
320
406
807
388
873
692
574
18
890
450
343
957
645
683
465
683
650
49
498
171
474
172
760
572
860
801
511
495
881
619
546
202
378
705
942
251
397
868
622
287
318
965
597
963
0
62
646
651
463
496
174
937
20
286
509
232
87
372
727
321
344
625
875
722
330
169
325
80
38
947
367
708
912
316
672
913
378
670
916
841
519
90
130
891
377
991
124
816
716
203
489
60
829
716
134
511
886
459
591
276
407
311
984
671
627
8
936
358
679
852
551
550
943
682
441
672
25
917
488
741
121
330
153
950
46
287
813
932
747
405
560
506
68
545
177
695
553
466
405
584
318
957
134
613
991
928
285
16
845
126
758
966
456
911
268
854
551
82
139
650
839
699
156
907
244
685
954
150
151
360
734
822
317
221
435
308
501
73
676
346
551
434
313
359
698
933
213
249
15
352
899
854
404
407
113
0
444
68
150
596
428
237
770
97
810
205
757
311
630
433
657
181
868
322
892
918
608
106
167
623
810
418
830
214
825
943
215
621
363
365
217
791
954
339
888
764
897
645
427
527
79
437
61
299
759
953
217
367
411
736
343
222
154
525
436
331
820
3
952
184
721
522
975
675
213
216
792
110
213
571
638
292
8
51
943
120
356
512
487
768
248
182
990
754
59
778
437
880
782
742
416
503
264
743
530
477
959
674
940
173
246
930
817
254
981
761
374
337
273
214
105
874
748
447
628
808
578
418
40
360
160
456
215
776
199
97
253
511
772
193
36
370
123
853
624
456
966
351
146
592
917
603
466
665
51
446
825
629
216
865
341
376
673
908
152
225
5
758
88
129
303
124
499
427
977
476
235
296
827
381
888
744
985
706
761
388
504
587
369
721
804
62
97
830
970
250
55
327
360
143
809
663
619
308
90
596
136
678
892
963
411
132
59
396
190
821
136
695
760
505
416
916
567
865
746
889
467
153
569
827
648
378
491
267
38
933
864
175
611
108
490
23
593
550
771
783
723
908
830
835
765
246
751
685
464
498
574
931
3
495
111
652
873
602
919
264
887
135
439
499
596
929
874
541
831
997
324
906
257
155
741
23
753
493
708
217
343
634
501
346
130
612
998
355
566
270
619
453
405
410
304
353
692
530
894
523
528
219
430
137
726
523
160
831
368
220
401
711
207
902
410
689
866
760
44
784
30
16
237
788
426
894
141
118
424
388
994
304
959
776
442
685
299
954
516
668
527
269
731
86
171
141
775
389
902
171
525
284
187
763
72
966
9
566
84
785
954
430
90
913
206
884
950
858
190
818
526
69
88
609
155
611
751
282
353
5
454
878
289
993
993
714
311
2
280
748
140
586
178
230
851
385
466
801
243
8
971
121
78
59
730
585
23
833
868
376
838
674
606
480
19
600
194
331
954
826
79
94
764
609
676
615
346
494
768
941
503
91
62
581
503
145
166
526
330
386
254
169
60
212
1
80
812
547
411
119
725
842
565
489
451
242
456
798
88
576
739
591
667
154
172
522
651
691
400
981
77
654
502
138
867
503
570
31
50
333
502
127
175
68
968
978
662
424
776
750
352
868
694
372
22
866
894
673
909
295
654
339
301
157
829
520
12
399
904
415
732
406
542
907
826
511
885
840
287
14
943
992
882
637
364
256
855
610
929
765
257
935
456
559
444
285
431
457
684
335
872
768
94
414
27
272
277
264
113
565
278
408
557
512
45
273
768
252
883
49
17
493
337
825
52
781
110
835
590
146
171
462
914
617
229
941
889
506
206
354
423
484
114
332
349
159
605
117
412
841
519
781
334
856
607
738
637
69
573
228
216
96
42
130
713
623
72
955
482
278
661
905
114
776
590
463
287
547
933
51
388
452
833
74
660
792
812
649
213
738
877
429
834
272
560
900
895
984
207
377
614
868
635
80
644
225
896
284
772
829
335
513
633
520
587
293
664
752
942
878
842
172
307
28
796
219
928
691
555
487
421
169
356
56
250
352
633
498
636
405
327
972
918
312
492
858
605
157
610
899
387
804
423
694
832
571
266
761
263
821
248
36
343
956
444
945
309
77
443
297
482
122
621
753
434
466
963
391
975
573
642
362
377
66
408
561
637
674
674
252
848
275
640
191
231
84
488
892
161
931
190
996
53
163
101
487
629
64
230
604
989
872
966
718
938
727
279
928
401
954
532
249
229
173
792
460
257
280
705
771
211
247
119
616
410
220
455
40
284
685
996
273
558
315
991
848
42
622
128
443
576
661
45
805
186
189
618
443
470
323
566
33
570
685
2
980
905
457
372
541
495
369
166
53
36
509
253
78
132
382
873
708
395
270
514
581
460
132
376
282
807
943
667
377
628
669
709
886
479
82
779
974
803
946
379
839
455
632
269
587
366
494
296
761
765
162
342
577
294
719
859
101
14
526
830
994
548
539
232
27
973
12
353
128
958
732
319
765
364
588
353
83
83
649
844
200
163
539
777
457
610
988
910
624
866
92
970
414
631
203
793
957
215
146
85
525
878
405
290
595
993
643
678
428
644
874
980
807
413
757
616
23
97
878
999
964
970
970
730
954
173
524
911
740
22
996
265
253
753
555
848
99
551
878
527
547
752
860
355
518
969
323
541
67
202
541
383
524
863
113
478
36
989
389
776
12
738
393
265
491
300
465
590
851
343
470
751
447
330
106
965
299
781
859
718
983
752
101
508
615
215
986
3
204
728
131
568
818
524
833
661
176
650
604
380
345
74
131
793
756
237
110
407
370
969
126
354
73
227
214
40
794
552
43
999
632
526
919
450
402
105
464
579
755
68
959
101
142
90
894
250
679
356
657
49
678
783
403
751
363
969
144
157
522
187
508
154
66
428
605
468
533
69
47
288
489
6
741
631
96
635
233
127
344
890
177
22
26
932
125
389
902
269
546
424
809
407
578
875
835
535
343
368
956
743
8
445
749
750
428
198
737
661
325
81
904
502
455
930
435
581
671
689
850
217
113
11
976
691
886
811
579
582
531
535
325
540
981
426
642
761
624
379
423
302
813
327
156
620
609
943
201
280
632
404
849
745
415
826
789
654
637
368
236
169
255
913
61
236
339
55
998
316
786
773
970
599
452
126
220
61
70
773
341
702
177
190
800
945
16
589
599
654
309
187
175
564
452
588
153
143
643
503
811
429
276
781
381
728
260
953
789
330
726
482
384
256
672
184
201
689
125
152
695
434
691
222
351
495
810
504
638
805
7
802
234
635
583
967
715
195
920
504
525
647
986
262
255
10
798
808
51
276
312
746
710
355
320
413
850
130
917
840
287
276
642
874
911
578
841
626
773
762
482
651
761
820
265
16
831
63
176
882
339
488
981
402
843
301
815
45
784
85
885
71
361
880
945
625
810
139
603
935
901
86
938
14
258
203
382
441
267
558
324
606
46
657
360
241
310
176
286
94
613
523
518
326
403
815
951
565
954
555
501
207
993
439
221
603
643
603
45
262
161
721
220
559
378
581
800
688
109
438
135
722
962
653
400
717
468
352
283
423
259
136
630
604
575
204
207
570
807
252
184
321
973
405
880
703
338
33
744
447
471
879
521
785
532
921
503
352
625
138
127
884
274
110
840
201
314
48
124
473
652
308
794
626
713
27
681
51
412
425
850
235
304
723
21
188
645
524
893
270
662
20
507
288
482
347
489
796
747
613
622
400
922
768
378
987
147
59
391
559
485
593
795
141
317
816
330
962
692
223
584
706
595
443
994
78
143
483
874
890
449
848
290
723
617
668
62
764
80
805
676
565
399
471
706
68
639
388
30
331
611
966
389
207
410
383
285
553
218
511
795
667
712
438
742
329
458
805
445
538
610
121
103
361
944
162
429
583
550
811
266
514
130
655
73
892
38
710
445
609
573
592
628
285
30
371
966
489
528
412
27
490
885
483
852
830
997
281
413
899
445
680
765
575
687
838
467
78
900
264
687
474
856
315
111
239
38
430
728
566
194
107
57
79
590
261
909
939
894
675
839
339
707
604
914
394
795
733
472
695
997
511
521
206
827
985
445
217
415
525
784
609
632
193
688
575
454
950
866
348
977
705
40
684
662
306
430
457
40
255
152
389
766
26
947
593
11
392
163
426
269
947
387
254
492
427
181
946
377
47
646
706
105
686
390
767
993
173
224
385
428
728
126
194
754
74
140
117
818
303
543
88
602
282
694
94
710
875
392
439
274
38
146
379
77
888
146
422
61
722
807
489
451
285
36
557
359
176
675
178
479
570
266
81
853
312
527
563
187
919
354
813
309
852
193
386
741
691
160
154
414
319
996
217
605
32
774
964
208
449
142
39
20
760
472
225
72
999
140
611
270
494
425
579
347
618
318
440
661
478
594
427
150
590
644
755
974
771
719
182
572
214
573
944
974
45
169
399
396
309
10
18
156
435
598
855
405
268
295
67
98
241
846
248
184
843
3
158
614
723
693
186
289
266
131
263
664
652
662
60
314
25
431
470
460
29
677
866
649
324
285
747
565
483
996
101
326
999
260
940
74
953
479
363
571
962
979
235
966
993
648
280
18
79
102
479
460
779
697
109
103
334
208
21
817
204
122
496
556
382
436
630
687
267
346
611
581
677
198
548
670
198
828
689
629
931
520
89
710
569
550
166
255
759
187
424
315
309
920
871
44
709
854
83
976
200
694
558
877
893
458
899
443
286
588
73
569
460
514
280
381
417
446
988
176
633
413
843
294
333
715
338
394
569
422
371
121
468
281
998
713
739
897
157
377
838
230
947
650
96
579
32
513
377
372
41
362
785
885
656
471
600
995
865
521
769
236
642
237
869
992
951
960
241
108
338
79
690
285
82
786
216
466
300
593
838
341
955
624
578
611
95
530
958
312
51
727
901
45
965
770
389
916
731
631
376
421
62
418
58
144
204
274
610
856
867
449
550
174
425
128
785
872
659
744
184
62
471
85
460
788
208
849
56
939
480
784
712
895
202
770
39
759
396
650
967
263
451
517
437
228
998
574
100
9
670
284
423
142
370
883
282
578
85
691
869
917
475
933
812
678
703
852
789
99
854
756
714
657
274
503
885
624
77
985
633
748
269
56
242
991
292
876
921
377
567
142
294
43
75
107
73
130
311
862
581
165
970
647
822
596
150
707
220
580
44
853
680
665
262
274
9
554
150
930
931
70
425
577
113
852
36
538
983
347
752
916
512
722
564
686
319
714
745
539
646
789
745
326
455
359
952
464
913
103
746
196
173
171
125
638
376
162
528
359
509
280
275
374
354
191
60
673
258
806
565
904
947
662
583
754
21
535
570
934
990
317
482
515
840
607
153
216
769
33
927
631
313
555
5
668
746
65
693
4
223
258
909
523
272
844
277
293
379
848
579
370
517
413
885
709
21
391
278
142
424
205
773
90
112
130
758
859
196
803
863
771
62
124
646
686
968
924
980
700
124
559
422
993
325
659
54
346
50
332
840
827
890
966
917
2
96
27
861
644
830
77
416
244
553
62
931
874
338
911
574
814
822
348
807
147
7
862
845
58
546
686
237
436
4
154
439
100
533
300
745
363
729
513
608
283
575
539
157
266
802
83
80
976
431
240
476
438
454
321
848
0
359
85
789
363
591
228
464
124
880
561
840
962
74
448
245
1
339
754
267
493
189
700
821
972
940
297
762
746
971
611
98
682
48
887
46
992
467
862
116
348
775
956
310
849
756
907
850
447
13
470
292
554
170
114
526
462
411
288
208
382
251
658
417
300
546
463
292
365
677
760
65
452
69
375
653
177
634
503
625
999
973
917
553
143
383
79
957
795
720
517
529
971
176
946
623
74
761
915
439
790
28
505
594
449
232
247
626
219
751
603
218
76
521
772
572
256
203
529
403
923
47
285
895
575
583
518
649
345
786
440
487
166
297
82
615
530
681
241
101
784
845
319
861
718
443
785
974
999
314
378
922
713
663
169
288
246
688
289
943
826
82
783
992
379
865
607
261
898
200
362
683
45
34
896
763
829
681
90
828
347
468
751
413
483
272
701
81
312
343
25
138
425
808
482
804
25
441
66
923
642
780
958
687
814
206
803
644
887
893
824
587
713
927
0
548
200
53
629
512
396
654
3
173
814
485
978
191
927
396
467
569
176
425
608
343
632
411
339
871
656
163
458
721
91
458
269
643
864
899
155
260
905
158
434
72
996
764
263
923
512
730
844
40
508
452
383
140
864
722
363
872
238
822
594
681
632
215
676
496
466
831
109
724
342
895
796
690
659
411
613
171
494
457
211
2
909
947
494
125
21
209
350
611
31
296
292
16
511
968
864
978
152
973
54
846
868
202
536
879
965
501
402
459
958
614
813
219
913
659
697
934
869
47
546
252
343
190
268
206
511
485
536
15
458
590
213
679
792
749
558
758
602
961
569
912
927
383
131
840
394
180
126
263
579
24
868
922
567
488
481
430
973
17
445
432
960
658
463
104
759
21
862
713
982
784
625
261
519
108
453
913
289
932
529
868
956
397
143
875
885
624
305
859
993
102
643
953
112
106
58
223
479
272
936
814
56
561
75
927
22
529
841
311
813
370
531
121
119
674
997
4
650
654
215
644
757
210
597
221
316
7
445
796
280
733
610
688
647
37
616
669
918
809
980
731
531
511
853
650
538
202
6
188
856
574
184
965
784
134
187
453
141
984
601
773
717
563
462
364
952
430
385
871
591
365
954
122
229
807
124
119
9
130
659
866
56
844
183
193
330
370
646
471
354
599
597
424
514
411
140
466
841
526
337
432
243
292
906
472
451
30
943
813
512
603
31
569
799
214
114
129
585
760
952
291
711
549
715
225
960
208
691
153
734
381
937
977
25
195
802
476
225
745
641
90
700
672
11
499
887
125
628
472
237
581
115
948
482
183
173
443
391
216
948
125
949
886
454
974
81
256
803
659
354
444
749
54
117
112
554
4
237
534
828
474
115
943
774
598
126
299
393
869
515
341
994
817
579
449
791
13
57
946
24
763
743
125
818
860
237
724
216
474
258
396
300
726
691
74
676
818
373
421
39
240
762
34
57
694
835
201
59
244
147
435
8
890
560
178
102
149
902
318
975
512
66
275
590
758
349
266
928
74
687
967
314
802
1
724
848
188
925
907
785
424
694
793
315
254
971
769
403
225
88
378
89
154
5
680
264
706
946
192
780
986
160
446
788
513
170
636
702
447
895
487
872
589
632
187
195
955
956
950
532
396
680
621
903
685
301
167
391
600
712
523
586
872
969
726
385
492
714
439
939
609
278
163
550
910
702
97
217
659
47
749
407
727
371
662
412
24
182
155
976
894
678
562
766
999
640
503
491
354
943
783
315
221
946
865
484
649
962
701
660
361
451
419
88
174
82
852
198
616
7
527
510
685
89
628
685
82
131
528
436
426
311
752
648
610
969
132
259
284
833
271
645
636
690
86
810
772
938
361
740
298
888
250
983
329
230
20
411
362
549
848
140
212
952
788
822
273
272
81
557
106
704
555
742
395
641
553
519
931
266
260
229
154
862
213
835
93
585
247
807
134
447
947
347
751
88
521
24
360
955
582
466
659
137
561
54
130
466
574
61
732
186
643
238
48
856
73
141
793
672
300
928
471
600
627
222
688
148
599
48
103
181
515
115
670
428
169
152
894
95
565
626
281
208
216
330
416
641
823
210
314
476
138
137
76
117
360
764
617
959
812
73
492
327
188
514
755
357
18
1
453
583
979
86
792
195
416
208
837
592
418
503
68
908
640
144
377
352
908
995
663
720
68
507
400
256
21
507
965
39
509
770
975
488
857
767
36
273
327
225
217
98
728
285
358
720
429
736
73
337
83
736
410
503
244
810
111
617
669
76
9
178
847
984
19
56
103
407
681
782
632
899
880
712
184
591
432
966
679
505
655
762
594
65
265
838
227
376
455
897
804
816
427
3
800
798
59
255
205
741
38
189
640
918
901
176
509
334
142
188
839
150
302
433
215
919
623
795
647
431
692
452
247
471
455
400
270
515
655
475
608
693
665
600
964
918
776
825
252
271
366
444
421
668
229
988
940
853
783
587
636
827
39
883
299
495
635
569
362
291
396
322
336
413
922
300
332
50
478
584
673
844
380
446
864
610
435
804
463
570
392
99
398
431
334
49
278
970
618
992
613
366
314
949
780
236
602
464
639
80
400
312
924
781
759
788
391
194
593
206
116
985
305
866
768
991
915
399
961
885
391
926
252
58
876
384
294
478
848
285
558
248
598
834
29
357
622
772
903
567
978
19
904
635
886
25
627
153
424
940
39
815
867
643
873
95
379
520
925
579
157
483
179
755
669
561
112
643
333
15
211
312
387
467
299
625
492
278
130
916
219
521
84
438
164
309
885
895
181
810
474
339
645
654
94
314
215
559
957
900
926
520
564
313
988
864
290
480
142
421
397
713
942
833
503
459
142
388
706
324
198
181
15
195
187
109
509
754
20
819
6
947
339
571
612
327
435
903
808
929
676
557
643
970
742
498
429
884
887
488
560
437
669
575
633
208
37
494
314
57
313
320
4
5
243
969
332
678
872
492
960
548
401
955
518
143
453
300
380
340
788
940
130
809
868
115
369
257
609
683
666
275
355
23
280
599
992
964
629
864
809
589
764
210
544
634
706
350
934
86
690
74
378
172
235
246
287
604
855
249
639
522
876
995
545
508
946
537
472
575
753
633
517
517
844
413
151
902
763
438
988
806
864
366
978
100
965
618
704
820
867
696
694
95
691
239
603
989
776
427
916
881
61
785
398
257
199
902
159
314
692
147
120
556
865
451
8
830
421
713
3
640
409
697
735
452
937
338
793
65
765
709
947
178
495
697
435
46
951
594
360
643
741
833
552
959
636
560
789
57
625
792
49
34
842
784
838
779
474
983
196
591
693
495
770
540
193
205
586
496
800
946
140
893
131
692
852
767
604
994
176
230
138
225
616
980
361
455
111
835
438
660
779
483
155
549
23
700
754
609
197
906
908
689
152
39
381
4
159
985
350
687
567
489
265
184
821
626
991
933
814
429
593
593
265
100
142
288
801
248
250
998
507
158
687
659
549
420
15
60
757
366
748
325
207
13
509
28
991
500
961
805
281
906
750
898
7
892
539
160
493
789
158
0
299
197
659
200
969
674
261
726
392
361
403
599
726
264
628
717
116
941
875
750
200
625
648
207
870
187
719
363
976
877
715
627
426
374
828
747
400
441
825
793
802
229
744
528
845
372
597
962
666
472
712
866
98
360
425
968
548
144
683
876
373
398
504
799
124
684
546
876
125
371
21
279
952
766
807
798
138
404
112
804
877
824
22
327
536
447
295
436
591
330
313
964
80
169
115
204
205
13
432
330
737
454
609
41
220
768
839
710
524
303
867
401
127
889
80
664
337
727
452
928
57
765
245
137
286
712
693
491
726
126
173
463
932
134
504
152
902
696
214
427
999
81
180
479
971
613
495
660
340
947
940
750
65
185
887
703
898
933
195
976
411
720
791
343
855
647
495
109
695
709
888
695
143
421
526
114
34
21
774
374
320
714
476
385
252
364
89
502
649
636
478
60
356
269
403
563
916
250
673
612
959
913
659
102
334
537
568
720
558
694
447
230
761
923
616
13
639
705
515
288
693
345
348
401
614
751
965
882
1
990
846
313
903
857
767
590
394
688
310
304
382
757
535
143
681
151
156
320
208
23
609
253
368
309
654
334
413
619
569
766
609
767
431
865
625
199
455
371
887
765
676
621
875
563
765
556
714
273
228
274
649
189
879
17
851
533
704
264
153
625
382
114
392
814
331
17
365
786
389
604
904
417
225
131
980
342
687
46
616
267
672
265
809
551
634
660
84
338
924
589
963
658
56
708
472
387
725
837
526
466
793
430
235
19
561
215
361
600
261
329
219
285
594
28
836
581
688
921
271
964
862
587
623
918
295
447
306
372
285
832
839
78
614
426
449
175
642
163
127
255
492
346
541
439
727
377
20
415
650
291
732
513
878
707
431
525
154
89
898
791
921
89
222
535
515
671
62
157
834
189
765
679
888
658
118
967
387
490
382
38
781
466
903
12
173
686
537
680
776
787
471
49
876
693
585
392
717
647
901
903
189
18
582
429
676
52
396
64
542
130
454
676
597
709
40
122
395
577
802
523
717
626
573
593
319
510
337
36
157
591
292
698
609
874
127
638
927
875
54
821
6
508
497
955
569
537
77
316
467
232
840
184
858
765
129
529
275
467
918
784
58
210
483
19
84
962
657
363
838
711
537
844
571
34
151
140
924
580
457
391
164
649
927
22
414
56
904
41
875
822
825
285
32
660
305
468
623
314
832
461
26
369
657
949
755
160
90
679
740
899
422
905
548
701
279
314
110
183
355
985
5
532
271
37
193
928
858
816
242
42
629
620
411
638
570
518
798
660
550
890
911
324
147
459
26
427
125
136
962
480
473
320
12
96
709
557
24
567
373
267
609
354
887
372
992
457
891
142
469
793
385
380
117
532
191
495
311
316
983
626
148
809
946
513
905
655
70
930
223
796
549
832
150
436
205
495
246
448
989
715
593
374
448
62
259
639
558
922
308
893
548
456
702
494
321
608
150
392
890
725
188
439
557
690
227
114
185
473
914
175
541
507
901
341
570
160
980
480
83
640
725
983
97
428
478
418
388
628
162
630
705
702
69
262
393
296
729
930
122
643
105
663
503
359
4
425
871
336
905
306
977
630
290
426
410
768
196
150
748
359
780
453
413
201
67
806
498
796
737
620
792
194
635
647
905
639
72
777
975
329
83
304
311
373
